0 0.088542 0.581771 0.041667 0.053125
0 0.175000 0.305208 0.039583 0.085417
0 0.189062 0.123437 0.040625 0.048958
0 0.265104 0.273958 0.038542 0.041667
0 0.271354 0.315104 0.030208 0.036458
0 0.293750 0.464583 0.035417 0.045833
0 0.276042 0.531771 0.031250 0.026042
0 0.685937 0.525521 0.065625 0.105208
0 0.790625 0.614062 0.083333 0.059375
0 0.624479 0.513542 0.069792 0.045833
0 0.711979 0.420833 0.038542 0.068750
0 0.548958 0.446354 0.091667 0.059375
0 0.457813 0.205729 0.038542 0.105208
0 0.443750 0.285417 0.050000 0.131250
