0 0.150000 0.198958 0.037500 0.122917
0 0.117188 0.240625 0.040625 0.083333
0 0.079687 0.365625 0.051042 0.037500
0 0.183333 0.310937 0.039583 0.048958
0 0.225521 0.380208 0.040625 0.075000
0 0.252083 0.308854 0.039583 0.088542
0 0.395833 0.383333 0.035417 0.093750
0 0.401562 0.290104 0.038542 0.092708
0 0.953125 0.325521 0.033333 0.051042
0 0.661979 0.639583 0.059375 0.108333
0 0.359375 0.794271 0.033333 0.038542
0 0.597396 0.876563 0.055208 0.046875
0 0.643229 0.802083 0.044792 0.091667
0 0.783333 0.775000 0.039583 0.097917
0 0.909375 0.882292 0.035417 0.035417
