0 0.385417 0.264583 0.035417 0.064583
0 0.450000 0.132812 0.020833 0.026042
0 0.666146 0.404687 0.038542 0.036458
0 0.742188 0.312500 0.038542 0.039583
0 0.720313 0.494792 0.036458 0.052083
0 0.813021 0.498958 0.026042 0.031250
0 0.729688 0.774479 0.063542 0.036458
0 0.807812 0.833333 0.038542 0.037500
0 0.419792 0.664583 0.060417 0.081250
0 0.381771 0.390625 0.038542 0.077083
0 0.052604 0.748437 0.042708 0.071875
0 0.025000 0.868229 0.039583 0.057292
0 0.336979 0.795312 0.073958 0.088542
0 0.390625 0.786979 0.054167 0.061458
