0 0.423437 0.494271 0.013542 0.021875
0 0.395833 0.493750 0.016667 0.020833
0 0.375521 0.483854 0.007292 0.021875
0 0.387500 0.442708 0.012500 0.014583
0 0.305729 0.440625 0.013542 0.014583
0 0.297917 0.407292 0.008333 0.012500
0 0.272917 0.397917 0.010417 0.016667
0 0.233854 0.329688 0.011458 0.013542
0 0.180729 0.288542 0.009375 0.014583
0 0.587500 0.576562 0.010417 0.021875
0 0.615104 0.596875 0.011458 0.016667
0 0.628125 0.581250 0.012500 0.022917
0 0.657813 0.591146 0.009375 0.019792
0 0.721354 0.616667 0.013542 0.014583
0 0.804167 0.663542 0.012500 0.020833
0 0.816146 0.668229 0.011458 0.017708
0 0.829688 0.674479 0.013542 0.028125
0 0.841667 0.686458 0.012500 0.025000
