0 0.452604 0.370833 0.026042 0.016667
0 0.518750 0.402083 0.029167 0.029167
0 0.617708 0.425521 0.025000 0.030208
0 0.609375 0.388542 0.033333 0.045833
0 0.570833 0.453646 0.033333 0.053125
0 0.605208 0.554167 0.072917 0.068750
0 0.438021 0.490104 0.084375 0.098958
0 0.391667 0.457292 0.029167 0.031250
0 0.345833 0.447917 0.047917 0.056250
0 0.308333 0.439062 0.018750 0.073958
0 0.348958 0.641146 0.095833 0.115625
0 0.664583 0.399479 0.037500 0.036458
0 0.671875 0.423437 0.054167 0.105208
0 0.691146 0.502604 0.013542 0.038542
