0 0.416667 0.323958 0.033333 0.068750
0 0.514062 0.400521 0.032292 0.071875
0 0.490625 0.467187 0.035417 0.053125
0 0.526042 0.499479 0.016667 0.040625
0 0.517708 0.536979 0.025000 0.042708
0 0.498437 0.557292 0.034375 0.056250
0 0.565104 0.625000 0.026042 0.045833
0 0.507812 0.645833 0.051042 0.077083
0 0.478125 0.681771 0.016667 0.042708
0 0.458333 0.671875 0.020833 0.054167
0 0.439062 0.670833 0.026042 0.047917
0 0.420312 0.671354 0.023958 0.036458
0 0.382292 0.397396 0.025000 0.051042
0 0.361458 0.375521 0.022917 0.042708
0 0.370833 0.436458 0.045833 0.072917
0 0.383333 0.491146 0.020833 0.036458
