0 0.328125 0.509896 0.016667 0.019792
0 0.355729 0.621354 0.017708 0.026042
0 0.423437 0.609375 0.011458 0.018750
0 0.426563 0.545833 0.013542 0.022917
0 0.515625 0.509375 0.014583 0.037500
0 0.506250 0.576562 0.012500 0.015625
0 0.283333 0.541667 0.014583 0.022917
0 0.267188 0.541146 0.013542 0.026042
0 0.276562 0.582292 0.011458 0.025000
0 0.288021 0.584375 0.011458 0.029167
0 0.522917 0.584375 0.014583 0.018750
0 0.735938 0.577083 0.015625 0.020833
0 0.673958 0.652604 0.012500 0.030208
0 0.596354 0.638021 0.011458 0.013542
0 0.802604 0.646875 0.013542 0.025000
0 0.826562 0.618229 0.011458 0.017708
0 0.705208 0.643229 0.012500 0.023958
0 0.692708 0.658333 0.014583 0.027083
0 0.698438 0.677604 0.013542 0.009375
0 0.616146 0.527083 0.013542 0.016667
0 0.643750 0.664583 0.012500 0.014583
0 0.791146 0.585417 0.011458 0.018750
