0 0.348958 0.531771 0.010417 0.017708
0 0.330729 0.485937 0.017708 0.026042
0 0.302083 0.444271 0.025000 0.038542
0 0.336458 0.393229 0.016667 0.019792
0 0.240104 0.389062 0.017708 0.023958
0 0.322917 0.634375 0.029167 0.020833
0 0.359896 0.563542 0.017708 0.031250
0 0.341667 0.569271 0.010417 0.021875
0 0.325000 0.519792 0.018750 0.029167
0 0.368750 0.528646 0.018750 0.032292
0 0.390104 0.539583 0.019792 0.025000
0 0.442188 0.528646 0.017708 0.040625
0 0.397396 0.598958 0.009375 0.022917
0 0.408333 0.573438 0.014583 0.036458
0 0.468750 0.509896 0.016667 0.032292
0 0.515625 0.511979 0.014583 0.021875
0 0.545833 0.446354 0.025000 0.028125
0 0.591667 0.438021 0.012500 0.019792
0 0.619271 0.498437 0.019792 0.013542
0 0.600000 0.527604 0.018750 0.015625
0 0.571354 0.484896 0.011458 0.026042
0 0.588021 0.478125 0.021875 0.025000
0 0.577604 0.347917 0.013542 0.012500
