0 0.620833 0.330208 0.016667 0.033333
0 0.731771 0.507292 0.021875 0.031250
0 0.719271 0.654687 0.017708 0.032292
0 0.701562 0.600000 0.015625 0.047917
0 0.676562 0.679688 0.015625 0.015625
0 0.665104 0.653646 0.011458 0.026042
0 0.644271 0.627083 0.015625 0.043750
0 0.666146 0.553125 0.015625 0.033333
0 0.643229 0.552604 0.017708 0.034375
0 0.628646 0.566667 0.011458 0.043750
0 0.617708 0.578646 0.012500 0.023958
0 0.598437 0.557813 0.017708 0.038542
0 0.601562 0.626563 0.015625 0.034375
0 0.571875 0.614062 0.012500 0.026042
0 0.560937 0.602604 0.011458 0.021875
0 0.584375 0.583854 0.014583 0.026042
0 0.542708 0.546875 0.014583 0.033333
0 0.553646 0.538021 0.011458 0.023958
0 0.553125 0.496354 0.012500 0.026042
0 0.642708 0.490625 0.012500 0.031250
0 0.630729 0.493229 0.009375 0.036458
0 0.614062 0.498958 0.011458 0.022917
0 0.615104 0.476562 0.013542 0.015625
0 0.603125 0.471354 0.012500 0.028125
0 0.590104 0.441667 0.013542 0.027083
0 0.551042 0.402604 0.014583 0.026042
0 0.498958 0.506771 0.016667 0.032292
0 0.499479 0.477604 0.015625 0.030208
0 0.421354 0.615104 0.011458 0.021875
0 0.309375 0.508333 0.010417 0.016667
0 0.282813 0.458333 0.013542 0.020833
0 0.256771 0.441146 0.015625 0.038542
0 0.242708 0.451562 0.012500 0.019792
0 0.250521 0.344271 0.011458 0.034375
0 0.304167 0.382292 0.014583 0.027083
0 0.314063 0.399479 0.011458 0.023958
0 0.316667 0.422396 0.010417 0.021875
0 0.329688 0.411979 0.011458 0.028125
0 0.358854 0.391667 0.013542 0.022917
0 0.431771 0.486458 0.017708 0.020833
0 0.436979 0.505729 0.009375 0.017708
0 0.484896 0.455208 0.011458 0.020833
0 0.475000 0.450000 0.012500 0.027083
0 0.454167 0.380729 0.010417 0.021875
0 0.483854 0.390104 0.011458 0.021875
0 0.515104 0.382812 0.011458 0.021875
0 0.494792 0.426563 0.014583 0.036458
0 0.606771 0.408333 0.013542 0.016667
