0 0.828125 0.504687 0.018750 0.034375
0 0.979167 0.664583 0.016667 0.018750
0 0.931250 0.706771 0.014583 0.021875
0 0.942187 0.728125 0.011458 0.018750
0 0.897396 0.769271 0.021875 0.026042
0 0.954688 0.771875 0.017708 0.025000
0 0.982812 0.791146 0.013542 0.019792
0 0.969792 0.790625 0.008333 0.025000
0 0.839062 0.757292 0.013542 0.016667
0 0.854167 0.702604 0.012500 0.021875
0 0.875521 0.673438 0.015625 0.028125
0 0.849479 0.666146 0.011458 0.021875
0 0.836458 0.678125 0.012500 0.014583
0 0.806771 0.647396 0.013542 0.023958
0 0.791146 0.660417 0.011458 0.018750
0 0.763542 0.668750 0.014583 0.025000
0 0.767708 0.622396 0.016667 0.026042
0 0.755729 0.634896 0.013542 0.023958
0 0.748437 0.607292 0.013542 0.025000
0 0.652604 0.517708 0.019792 0.025000
0 0.664583 0.609375 0.012500 0.014583
0 0.652083 0.603125 0.010417 0.018750
0 0.643750 0.597396 0.010417 0.015625
0 0.583854 0.583333 0.013542 0.014583
0 0.581250 0.560417 0.016667 0.016667
0 0.600521 0.532292 0.019792 0.025000
0 0.505729 0.501563 0.013542 0.021875
0 0.483333 0.498437 0.014583 0.019792
0 0.476042 0.481250 0.014583 0.016667
0 0.464583 0.480729 0.022917 0.046875
0 0.441667 0.476562 0.016667 0.028125
0 0.426042 0.504687 0.014583 0.019792
0 0.438542 0.514583 0.010417 0.018750
0 0.468750 0.530208 0.014583 0.022917
0 0.455729 0.514062 0.015625 0.017708
0 0.301042 0.418229 0.018750 0.019792
0 0.283333 0.290625 0.018750 0.018750
