0 0.823437 0.244271 0.011458 0.009375
0 0.785937 0.396354 0.011458 0.026042
0 0.783333 0.423437 0.008333 0.015625
0 0.781771 0.457292 0.007292 0.016667
0 0.808333 0.473438 0.018750 0.042708
0 0.756771 0.376042 0.015625 0.022917
0 0.742708 0.402083 0.016667 0.020833
0 0.723437 0.393229 0.013542 0.021875
0 0.682292 0.424479 0.014583 0.032292
0 0.621875 0.466667 0.010417 0.014583
0 0.370833 0.438021 0.012500 0.015625
0 0.332813 0.459375 0.015625 0.027083
0 0.339583 0.492188 0.014583 0.032292
0 0.257292 0.583854 0.016667 0.028125
0 0.243750 0.559896 0.010417 0.019792
0 0.175521 0.620833 0.019792 0.020833
0 0.213542 0.689063 0.018750 0.040625
0 0.239062 0.620833 0.013542 0.022917
0 0.196354 0.471875 0.011458 0.014583
