0 0.541146 0.600521 0.017708 0.032292
0 0.524479 0.652604 0.017708 0.032292
0 0.516667 0.615625 0.016667 0.027083
0 0.485937 0.558333 0.017708 0.037500
0 0.468229 0.527604 0.019792 0.026042
0 0.463542 0.497396 0.025000 0.036458
0 0.460938 0.466667 0.013542 0.020833
0 0.434896 0.436458 0.017708 0.025000
0 0.445833 0.463542 0.010417 0.022917
0 0.435937 0.461458 0.011458 0.027083
0 0.391146 0.335417 0.017708 0.027083
0 0.372917 0.340104 0.020833 0.069792
0 0.369271 0.276562 0.023958 0.032292
0 0.345313 0.228646 0.017708 0.032292
0 0.336458 0.179167 0.014583 0.031250
