0 0.932292 0.265625 0.014583 0.020833
0 0.822917 0.350521 0.016667 0.042708
0 0.980729 0.618229 0.026042 0.046875
0 0.634375 0.519792 0.022917 0.041667
0 0.578125 0.492188 0.025000 0.042708
0 0.493750 0.440625 0.014583 0.020833
0 0.503646 0.400000 0.015625 0.025000
0 0.374479 0.403646 0.015625 0.034375
0 0.247396 0.459896 0.015625 0.038542
0 0.185938 0.609896 0.017708 0.036458
0 0.205208 0.543750 0.010417 0.033333
0 0.153125 0.571875 0.018750 0.037500
0 0.145313 0.511458 0.021875 0.050000
0 0.164583 0.695312 0.018750 0.042708
