0 0.498437 0.276562 0.019792 0.040625
0 0.471875 0.256771 0.016667 0.019792
0 0.476042 0.282813 0.012500 0.026042
0 0.470833 0.362500 0.035417 0.052083
0 0.476562 0.337500 0.030208 0.054167
0 0.376042 0.394271 0.022917 0.015625
0 0.371875 0.414062 0.029167 0.023958
0 0.345313 0.413542 0.015625 0.025000
0 0.375000 0.443750 0.025000 0.033333
0 0.362500 0.466146 0.027083 0.034375
0 0.363542 0.497917 0.029167 0.025000
0 0.352083 0.517708 0.022917 0.045833
0 0.409896 0.517188 0.023958 0.032292
0 0.425000 0.432292 0.022917 0.052083
0 0.444792 0.416667 0.018750 0.039583
0 0.469271 0.429167 0.023958 0.043750
0 0.487500 0.412500 0.022917 0.039583
0 0.480208 0.453125 0.018750 0.025000
0 0.502604 0.461458 0.019792 0.052083
0 0.479167 0.518750 0.029167 0.029167
0 0.447917 0.501563 0.022917 0.040625
0 0.466667 0.495312 0.016667 0.026042
0 0.485417 0.604167 0.018750 0.012500
0 0.502083 0.553646 0.016667 0.026042
0 0.533333 0.546875 0.018750 0.018750
0 0.523958 0.382812 0.020833 0.042708
0 0.522917 0.434375 0.014583 0.037500
0 0.535937 0.402604 0.017708 0.032292
0 0.535417 0.469792 0.022917 0.056250
0 0.539583 0.577083 0.010417 0.014583
