0 0.309896 0.309896 0.038542 0.032292
0 0.312500 0.412500 0.018750 0.022917
0 0.377604 0.396875 0.032292 0.027083
0 0.409896 0.383854 0.034375 0.038542
0 0.445312 0.362500 0.032292 0.041667
0 0.583854 0.423437 0.042708 0.044792
0 0.666667 0.429688 0.016667 0.021875
0 0.725000 0.578646 0.018750 0.032292
0 0.693229 0.642708 0.032292 0.020833
0 0.667188 0.598437 0.032292 0.042708
0 0.538542 0.520833 0.031250 0.029167
0 0.532292 0.492708 0.045833 0.045833
0 0.535937 0.555729 0.023958 0.042708
0 0.505208 0.549479 0.016667 0.028125
0 0.477083 0.559896 0.022917 0.019792
0 0.494271 0.629687 0.028125 0.030208
0 0.383854 0.529687 0.028125 0.057292
0 0.363542 0.479167 0.045833 0.035417
0 0.402083 0.465625 0.027083 0.031250
0 0.440625 0.441146 0.058333 0.051042
0 0.327604 0.575000 0.026042 0.016667
