0 0.308854 0.373958 0.032292 0.041667
0 0.364583 0.497917 0.035417 0.041667
0 0.380729 0.536979 0.053125 0.044792
0 0.354167 0.548958 0.035417 0.037500
0 0.332813 0.549479 0.051042 0.084375
0 0.352083 0.610938 0.018750 0.026042
0 0.377604 0.597917 0.032292 0.047917
0 0.420833 0.598437 0.054167 0.067708
0 0.428125 0.522396 0.043750 0.065625
0 0.459375 0.555729 0.033333 0.061458
0 0.489583 0.555729 0.031250 0.046875
0 0.398958 0.627083 0.022917 0.031250
0 0.522396 0.491667 0.042708 0.056250
0 0.580208 0.363021 0.025000 0.017708
0 0.617188 0.385937 0.019792 0.032292
0 0.621875 0.427604 0.025000 0.046875
0 0.631250 0.484375 0.020833 0.060417
0 0.621875 0.615104 0.025000 0.042708
0 0.526563 0.629167 0.042708 0.025000
0 0.551562 0.608333 0.030208 0.033333
0 0.535937 0.568229 0.040625 0.061458
0 0.516667 0.532813 0.033333 0.034375
0 0.554688 0.467187 0.034375 0.044792
0 0.586979 0.465104 0.030208 0.042708
0 0.594271 0.500000 0.028125 0.031250
0 0.573958 0.555729 0.050000 0.086458
0 0.610938 0.572917 0.023958 0.052083
0 0.617708 0.544271 0.025000 0.044792
0 0.633333 0.579167 0.012500 0.025000
0 0.638021 0.546354 0.013542 0.038542
