0 0.830208 0.503125 0.025000 0.033333
0 0.976562 0.664062 0.011458 0.013542
0 0.931771 0.704688 0.013542 0.017708
0 0.942187 0.726562 0.013542 0.019792
0 0.896875 0.768750 0.022917 0.027083
0 0.955729 0.772917 0.017708 0.025000
0 0.968229 0.791146 0.011458 0.019792
0 0.983854 0.789583 0.013542 0.020833
0 0.839062 0.754687 0.013542 0.021875
0 0.856250 0.700521 0.014583 0.023958
0 0.875521 0.673958 0.013542 0.027083
0 0.850000 0.664583 0.014583 0.025000
0 0.839583 0.677604 0.012500 0.013542
0 0.806771 0.646875 0.015625 0.020833
0 0.793229 0.659896 0.011458 0.015625
0 0.762500 0.671354 0.012500 0.017708
0 0.769271 0.623958 0.015625 0.020833
0 0.755729 0.634896 0.013542 0.019792
0 0.748958 0.609896 0.014583 0.032292
0 0.651563 0.517188 0.017708 0.026042
0 0.665104 0.611979 0.009375 0.013542
0 0.654167 0.601042 0.010417 0.018750
0 0.642188 0.596875 0.009375 0.014583
0 0.585938 0.580208 0.015625 0.010417
0 0.580208 0.559375 0.016667 0.014583
0 0.598437 0.529687 0.019792 0.021875
0 0.504687 0.500000 0.013542 0.027083
0 0.470312 0.529167 0.015625 0.022917
0 0.457292 0.513542 0.018750 0.025000
0 0.441146 0.514583 0.009375 0.022917
0 0.424479 0.503646 0.013542 0.021875
0 0.441146 0.478125 0.019792 0.025000
0 0.459896 0.471875 0.017708 0.027083
0 0.473958 0.480208 0.012500 0.018750
0 0.480729 0.497917 0.015625 0.020833
0 0.467708 0.493750 0.012500 0.018750
0 0.301042 0.417187 0.016667 0.026042
0 0.284896 0.289583 0.015625 0.020833
