0 0.568750 0.435937 0.079167 0.038542
0 0.656771 0.479167 0.046875 0.039583
0 0.631771 0.525521 0.063542 0.032292
0 0.554688 0.581250 0.078125 0.072917
0 0.546354 0.519792 0.042708 0.035417
0 0.511458 0.516146 0.027083 0.042708
0 0.485937 0.552604 0.053125 0.069792
0 0.438021 0.519271 0.055208 0.048958
0 0.303646 0.519271 0.065625 0.086458
0 0.371875 0.673958 0.058333 0.031250
0 0.176042 0.708854 0.022917 0.030208
0 0.412500 0.645833 0.066667 0.037500
0 0.293750 0.601562 0.058333 0.069792
0 0.310937 0.417708 0.071875 0.116667
