0 0.275000 0.504167 0.035417 0.054167
0 0.185938 0.501042 0.023958 0.029167
0 0.193750 0.166667 0.033333 0.043750
0 0.271354 0.226042 0.065625 0.035417
0 0.608333 0.209896 0.056250 0.063542
0 0.663542 0.204687 0.079167 0.090625
0 0.974479 0.129167 0.046875 0.058333
0 0.948437 0.254167 0.038542 0.066667
0 0.616667 0.609375 0.037500 0.075000
0 0.573438 0.337500 0.055208 0.083333
0 0.615104 0.740104 0.036458 0.061458
0 0.330208 0.593750 0.031250 0.035417
0 0.258854 0.685937 0.030208 0.038542
0 0.549479 0.869792 0.019792 0.031250
