0 0.639583 0.207292 0.037500 0.043750
0 0.400521 0.126042 0.051042 0.058333
0 0.357292 0.195312 0.039583 0.094792
0 0.092188 0.116146 0.034375 0.038542
0 0.335938 0.362500 0.059375 0.106250
0 0.048438 0.669271 0.028125 0.046875
0 0.604167 0.616667 0.039583 0.093750
0 0.598958 0.716667 0.041667 0.093750
0 0.776563 0.624479 0.040625 0.080208
0 0.747396 0.694792 0.042708 0.085417
0 0.814063 0.689583 0.038542 0.052083
0 0.916146 0.634896 0.048958 0.034375
0 0.881250 0.757292 0.039583 0.089583
0 0.853646 0.802083 0.040625 0.120833
