0 0.222917 0.279167 0.025000 0.043750
0 0.193750 0.277083 0.037500 0.112500
0 0.168229 0.366667 0.042708 0.131250
0 0.101042 0.398958 0.041667 0.037500
0 0.535417 0.368229 0.027083 0.051042
0 0.556250 0.291146 0.035417 0.082292
0 0.610938 0.286458 0.034375 0.093750
0 0.598437 0.135937 0.028125 0.067708
0 0.653125 0.145313 0.031250 0.094792
0 0.728646 0.491667 0.023958 0.043750
0 0.741667 0.563021 0.020833 0.036458
0 0.530729 0.469271 0.030208 0.059375
0 0.595833 0.602604 0.029167 0.059375
0 0.966146 0.213021 0.015625 0.036458
