0 0.659896 0.398438 0.038542 0.053125
0 0.984896 0.403125 0.030208 0.093750
0 0.984896 0.530729 0.030208 0.105208
0 0.477083 0.549479 0.037500 0.040625
0 0.513542 0.693229 0.025000 0.044792
0 0.520833 0.729167 0.033333 0.035417
0 0.649479 0.893750 0.023958 0.018750
0 0.348958 0.825521 0.031250 0.103125
0 0.357812 0.742708 0.055208 0.122917
0 0.088021 0.646354 0.030208 0.069792
0 0.103125 0.545833 0.058333 0.108333
0 0.021875 0.485937 0.041667 0.030208
0 0.162500 0.552083 0.066667 0.035417
0 0.242708 0.603646 0.085417 0.059375
