0 0.693750 0.627083 0.027083 0.039583
0 0.416667 0.635938 0.029167 0.017708
0 0.382812 0.616146 0.019792 0.034375
0 0.376563 0.576562 0.026042 0.042708
0 0.372396 0.513542 0.023958 0.052083
0 0.426042 0.522917 0.070833 0.072917
0 0.480729 0.508854 0.046875 0.055208
0 0.482292 0.468229 0.035417 0.040625
0 0.461979 0.431771 0.038542 0.065625
0 0.447396 0.392708 0.032292 0.031250
0 0.471875 0.368229 0.035417 0.028125
0 0.375521 0.384375 0.023958 0.043750
0 0.413021 0.447917 0.071875 0.081250
0 0.372917 0.446354 0.035417 0.063542
0 0.573958 0.479167 0.041667 0.062500
0 0.509896 0.444271 0.032292 0.053125
0 0.537500 0.442188 0.033333 0.057292
0 0.584896 0.395833 0.055208 0.068750
0 0.598958 0.372396 0.025000 0.038542
0 0.623958 0.404167 0.031250 0.047917
0 0.670833 0.446875 0.047917 0.085417
0 0.650000 0.387500 0.014583 0.027083
0 0.643750 0.459896 0.027083 0.046875
0 0.634896 0.503125 0.032292 0.043750
0 0.619271 0.464062 0.055208 0.048958
