0 0.471875 0.564063 0.029167 0.076042
0 0.467187 0.678646 0.051042 0.080208
0 0.504167 0.571354 0.035417 0.073958
0 0.580208 0.319792 0.054167 0.089583
0 0.556250 0.595313 0.062500 0.098958
0 0.566667 0.470312 0.050000 0.067708
0 0.600521 0.451042 0.057292 0.106250
0 0.646875 0.435937 0.037500 0.123958
0 0.687500 0.441667 0.039583 0.091667
0 0.733854 0.406250 0.048958 0.079167
0 0.770312 0.558854 0.038542 0.103125
0 0.646875 0.539583 0.056250 0.064583
0 0.638021 0.607292 0.053125 0.066667
0 0.857292 0.721875 0.027083 0.091667
0 0.801042 0.640625 0.033333 0.089583
0 0.848958 0.328125 0.041667 0.066667
0 0.582292 0.543750 0.041667 0.054167
0 0.524479 0.487500 0.063542 0.102083
0 0.519792 0.429688 0.081250 0.042708
0 0.499479 0.371875 0.046875 0.077083
0 0.538542 0.361979 0.039583 0.090625
