0 0.154167 0.321354 0.012500 0.017708
0 0.167708 0.333333 0.016667 0.027083
0 0.183854 0.337500 0.009375 0.016667
0 0.195312 0.344271 0.011458 0.017708
0 0.372917 0.429167 0.012500 0.020833
0 0.411979 0.429688 0.011458 0.021875
0 0.575521 0.510417 0.015625 0.022917
0 0.602083 0.510417 0.014583 0.018750
0 0.622396 0.522396 0.011458 0.019792
0 0.614062 0.563542 0.011458 0.018750
0 0.702604 0.600521 0.007292 0.019792
0 0.727083 0.609375 0.012500 0.018750
0 0.764062 0.676562 0.011458 0.015625
0 0.817708 0.717708 0.008333 0.010417
0 0.691667 0.568229 0.014583 0.017708
