0 0.640104 0.663021 0.115625 0.059375
0 0.282292 0.400000 0.097917 0.043750
0 0.377604 0.389583 0.096875 0.043750
0 0.247917 0.117708 0.104167 0.035417
0 0.200000 0.145313 0.122917 0.038542
0 0.310417 0.252604 0.093750 0.038542
0 0.376563 0.225521 0.073958 0.044792
0 0.868229 0.596875 0.063542 0.066667
0 0.789583 0.358333 0.035417 0.035417
0 0.364063 0.084375 0.032292 0.052083
0 0.304167 0.184896 0.037500 0.040625
0 0.802604 0.642188 0.088542 0.036458
0 0.882812 0.907813 0.036458 0.038542
0 0.776563 0.776563 0.096875 0.048958
0 0.332813 0.950521 0.034375 0.028125
