0 0.493229 0.355208 0.053125 0.079167
0 0.504687 0.444792 0.034375 0.062500
0 0.581250 0.679688 0.033333 0.063542
0 0.617188 0.602083 0.021875 0.047917
0 0.618229 0.512500 0.019792 0.037500
0 0.632812 0.565625 0.032292 0.070833
0 0.508854 0.535417 0.036458 0.041667
0 0.435417 0.375521 0.025000 0.046875
0 0.579688 0.330729 0.021875 0.036458
0 0.542708 0.328646 0.054167 0.059375
0 0.480729 0.462500 0.023958 0.041667
0 0.473958 0.503646 0.016667 0.036458
0 0.486458 0.600000 0.029167 0.068750
0 0.639062 0.626563 0.019792 0.044792
