0 0.193229 0.354687 0.017708 0.030208
0 0.260937 0.422917 0.011458 0.025000
0 0.294271 0.358333 0.011458 0.025000
0 0.301042 0.323437 0.010417 0.011458
0 0.305208 0.345833 0.012500 0.031250
0 0.324479 0.345833 0.011458 0.027083
0 0.401562 0.364583 0.013542 0.012500
0 0.483854 0.488542 0.011458 0.033333
0 0.572917 0.454687 0.012500 0.021875
0 0.493750 0.423958 0.012500 0.018750
0 0.473958 0.417708 0.012500 0.016667
0 0.472396 0.352604 0.013542 0.030208
0 0.463542 0.381771 0.010417 0.019792
0 0.576562 0.388542 0.011458 0.014583
0 0.645312 0.378646 0.021875 0.026042
0 0.711458 0.418750 0.012500 0.025000
0 0.726042 0.417708 0.010417 0.022917
0 0.732292 0.459896 0.012500 0.021875
0 0.715625 0.460417 0.012500 0.018750
0 0.670312 0.491146 0.011458 0.023958
