0 0.181250 0.649479 0.104167 0.028125
0 0.248438 0.640625 0.107292 0.047917
0 0.458333 0.898958 0.118750 0.050000
0 0.395313 0.760938 0.061458 0.082292
0 0.448958 0.840625 0.041667 0.064583
0 0.603125 0.340104 0.050000 0.040625
0 0.467187 0.015104 0.101042 0.028125
0 0.595313 0.014063 0.090625 0.026042
0 0.322396 0.393750 0.084375 0.039583
0 0.270313 0.478646 0.040625 0.032292
0 0.310417 0.486458 0.039583 0.025000
0 0.453646 0.524479 0.044792 0.038542
0 0.514583 0.977083 0.029167 0.045833
0 0.353646 0.909896 0.065625 0.034375
