0 0.554688 0.636979 0.032292 0.044792
0 0.305208 0.360938 0.035417 0.028125
0 0.334375 0.404167 0.031250 0.041667
0 0.274479 0.419792 0.021875 0.033333
0 0.505729 0.367708 0.028125 0.033333
0 0.668750 0.425000 0.033333 0.022917
0 0.614062 0.471875 0.030208 0.056250
0 0.526563 0.511979 0.028125 0.026042
0 0.520833 0.437500 0.020833 0.025000
0 0.493750 0.451562 0.022917 0.036458
0 0.463021 0.444792 0.028125 0.043750
0 0.462500 0.482292 0.033333 0.031250
0 0.465625 0.514583 0.045833 0.031250
0 0.413542 0.576562 0.039583 0.040625
0 0.329167 0.572917 0.016667 0.029167
0 0.590104 0.618750 0.032292 0.029167
0 0.625521 0.603125 0.034375 0.027083
0 0.685937 0.586979 0.023958 0.021875
0 0.691146 0.689063 0.040625 0.030208
0 0.635938 0.522917 0.044792 0.031250
0 0.599479 0.535937 0.028125 0.030208
0 0.557813 0.557292 0.059375 0.047917
