0 0.298958 0.397917 0.020833 0.043750
0 0.355729 0.373437 0.015625 0.042708
0 0.415625 0.411979 0.016667 0.030208
0 0.400521 0.441146 0.015625 0.032292
0 0.505729 0.573958 0.013542 0.037500
0 0.378646 0.668750 0.015625 0.033333
0 0.757292 0.547396 0.010417 0.023958
0 0.745313 0.558333 0.013542 0.035417
0 0.751042 0.654687 0.008333 0.032292
0 0.696354 0.616667 0.011458 0.029167
0 0.685937 0.602604 0.011458 0.023958
0 0.684375 0.577604 0.012500 0.026042
0 0.670312 0.585938 0.011458 0.021875
0 0.640104 0.607812 0.011458 0.026042
0 0.690625 0.489583 0.014583 0.016667
0 0.717708 0.542188 0.010417 0.017708
0 0.544792 0.623958 0.016667 0.020833
0 0.515625 0.610938 0.014583 0.023958
0 0.521354 0.548438 0.017708 0.034375
0 0.497917 0.522396 0.012500 0.028125
0 0.502083 0.492708 0.012500 0.035417
0 0.575521 0.383333 0.009375 0.020833
0 0.560937 0.495833 0.013542 0.022917
0 0.568750 0.515625 0.012500 0.018750
0 0.484375 0.617188 0.012500 0.023958
0 0.449479 0.597396 0.013542 0.023958
0 0.392708 0.590625 0.018750 0.018750
0 0.410417 0.558854 0.010417 0.021875
0 0.446354 0.503646 0.013542 0.021875
0 0.459375 0.452604 0.012500 0.032292
0 0.446875 0.460938 0.010417 0.028125
0 0.439583 0.401042 0.010417 0.018750
0 0.428646 0.390104 0.017708 0.026042
0 0.401562 0.374479 0.013542 0.034375
0 0.334375 0.347917 0.012500 0.025000
0 0.320833 0.317708 0.012500 0.016667
0 0.279167 0.344792 0.012500 0.033333
0 0.333854 0.447396 0.013542 0.030208
0 0.355729 0.447917 0.015625 0.035417
0 0.371875 0.432812 0.012500 0.038542
0 0.379688 0.422396 0.011458 0.021875
0 0.268750 0.491667 0.018750 0.031250
0 0.357292 0.508854 0.012500 0.028125
0 0.368750 0.508333 0.008333 0.039583
0 0.384375 0.501563 0.012500 0.028125
0 0.396875 0.529687 0.008333 0.034375
0 0.384896 0.524479 0.009375 0.013542
