0 0.330729 0.256250 0.040625 0.031250
0 0.427604 0.306250 0.076042 0.037500
0 0.876563 0.504687 0.061458 0.053125
0 0.875000 0.312500 0.054167 0.054167
0 0.625521 0.274479 0.051042 0.044792
0 0.373437 0.326042 0.059375 0.031250
0 0.532813 0.777604 0.042708 0.026042
0 0.457813 0.764583 0.028125 0.025000
0 0.118750 0.838542 0.041667 0.052083
0 0.686458 0.921875 0.033333 0.039583
0 0.727604 0.934896 0.023958 0.021875
0 0.891667 0.984896 0.018750 0.030208
0 0.827604 0.508333 0.032292 0.035417
0 0.726562 0.294792 0.040625 0.043750
