0 0.493750 0.355729 0.050000 0.078125
0 0.543229 0.326562 0.055208 0.055208
0 0.504167 0.447396 0.037500 0.057292
0 0.478646 0.460938 0.028125 0.042708
0 0.507292 0.535937 0.035417 0.048958
0 0.582812 0.680208 0.034375 0.064583
0 0.434375 0.376042 0.025000 0.050000
0 0.473438 0.502604 0.017708 0.036458
0 0.485417 0.600521 0.027083 0.065625
0 0.619271 0.604167 0.023958 0.050000
0 0.636979 0.626042 0.021875 0.043750
0 0.633333 0.567187 0.033333 0.073958
0 0.616667 0.510417 0.018750 0.045833
0 0.579688 0.328646 0.021875 0.034375
