0 0.103646 0.228125 0.021875 0.025000
0 0.046875 0.230208 0.016667 0.025000
0 0.516146 0.502604 0.015625 0.021875
0 0.347917 0.486979 0.020833 0.023958
0 0.015625 0.209375 0.018750 0.022917
0 0.029687 0.209896 0.011458 0.021875
0 0.057292 0.275000 0.014583 0.016667
0 0.160417 0.245833 0.012500 0.018750
0 0.144271 0.299479 0.013542 0.026042
0 0.126042 0.326562 0.016667 0.026042
0 0.067187 0.296354 0.011458 0.013542
0 0.020833 0.336458 0.014583 0.016667
0 0.171875 0.494792 0.020833 0.035417
0 0.193750 0.355729 0.012500 0.017708
0 0.208333 0.341667 0.012500 0.014583
0 0.233854 0.335938 0.013542 0.028125
0 0.232292 0.377083 0.012500 0.022917
0 0.244271 0.368750 0.013542 0.020833
0 0.251042 0.390625 0.012500 0.027083
0 0.345833 0.395833 0.031250 0.029167
0 0.419792 0.440625 0.014583 0.018750
0 0.400521 0.470833 0.017708 0.022917
0 0.493750 0.501042 0.012500 0.025000
0 0.525521 0.521354 0.011458 0.015625
0 0.531771 0.508333 0.013542 0.016667
0 0.541146 0.532292 0.017708 0.022917
0 0.558333 0.525521 0.016667 0.021875
0 0.572917 0.497396 0.014583 0.017708
0 0.557292 0.483854 0.014583 0.021875
0 0.541667 0.486458 0.016667 0.018750
0 0.529687 0.470312 0.015625 0.023958
0 0.699479 0.582292 0.017708 0.022917
0 0.715104 0.710938 0.015625 0.015625
