0 0.636979 0.560417 0.071875 0.122917
0 0.813021 0.607292 0.051042 0.079167
0 0.823958 0.705208 0.060417 0.127083
0 0.505729 0.771354 0.028125 0.073958
0 0.138542 0.712500 0.062500 0.081250
0 0.418229 0.774479 0.059375 0.096875
0 0.638542 0.743750 0.066667 0.116667
0 0.667708 0.635417 0.043750 0.108333
0 0.641667 0.451042 0.060417 0.062500
0 0.748437 0.465625 0.055208 0.085417
0 0.744792 0.379688 0.052083 0.065625
0 0.773958 0.280208 0.054167 0.085417
0 0.767188 0.626042 0.057292 0.095833
0 0.766146 0.711458 0.053125 0.075000
