0 0.649479 0.480208 0.021875 0.045833
0 0.636458 0.504687 0.035417 0.032292
0 0.637500 0.534896 0.027083 0.034375
0 0.622917 0.553646 0.025000 0.034375
0 0.623958 0.582812 0.027083 0.021875
0 0.576562 0.565104 0.021875 0.051042
0 0.552604 0.497396 0.026042 0.042708
0 0.533854 0.570312 0.026042 0.046875
0 0.513021 0.590625 0.028125 0.043750
0 0.529167 0.636458 0.033333 0.047917
0 0.518229 0.477604 0.023958 0.034375
0 0.464062 0.527604 0.026042 0.057292
0 0.476562 0.563542 0.019792 0.045833
0 0.469792 0.618750 0.027083 0.072917
0 0.463542 0.452604 0.014583 0.026042
0 0.497917 0.446354 0.012500 0.028125
0 0.531771 0.507812 0.013542 0.021875
0 0.587500 0.484896 0.025000 0.034375
0 0.651042 0.588542 0.022917 0.029167
0 0.621354 0.607812 0.021875 0.021875
0 0.552604 0.582812 0.019792 0.036458
0 0.517188 0.550000 0.021875 0.031250
0 0.498437 0.540625 0.019792 0.052083
