0 0.379167 0.427604 0.020833 0.046875
0 0.229167 0.312500 0.020833 0.043750
0 0.253125 0.378125 0.020833 0.050000
0 0.323437 0.345833 0.021875 0.054167
0 0.351042 0.708333 0.018750 0.039583
0 0.504687 0.586979 0.019792 0.048958
0 0.670833 0.634375 0.016667 0.033333
0 0.724479 0.597396 0.015625 0.028125
0 0.740104 0.645312 0.013542 0.028125
0 0.594271 0.358333 0.015625 0.022917
0 0.281250 0.278125 0.016667 0.014583
0 0.341146 0.274479 0.013542 0.011458
0 0.295833 0.313021 0.012500 0.032292
0 0.296354 0.438021 0.013542 0.040625
0 0.215104 0.492188 0.023958 0.036458
0 0.324479 0.437500 0.017708 0.041667
0 0.341146 0.418750 0.015625 0.047917
0 0.351562 0.406250 0.013542 0.027083
0 0.397396 0.395833 0.015625 0.035417
0 0.377083 0.347396 0.016667 0.042708
0 0.410938 0.360938 0.017708 0.026042
0 0.422917 0.377604 0.014583 0.030208
0 0.433333 0.452604 0.012500 0.026042
0 0.448437 0.444271 0.015625 0.036458
0 0.356771 0.501563 0.013542 0.032292
0 0.338542 0.510938 0.012500 0.044792
0 0.325000 0.513021 0.016667 0.032292
0 0.359896 0.529167 0.013542 0.016667
0 0.373437 0.539583 0.011458 0.037500
0 0.391146 0.570312 0.015625 0.030208
0 0.439062 0.621354 0.017708 0.032292
0 0.432292 0.505729 0.016667 0.032292
0 0.500000 0.494271 0.018750 0.034375
0 0.498437 0.528125 0.017708 0.031250
0 0.524479 0.558854 0.023958 0.036458
0 0.479167 0.643750 0.014583 0.029167
0 0.520312 0.635417 0.017708 0.029167
0 0.554167 0.651042 0.014583 0.027083
0 0.584375 0.516146 0.018750 0.030208
0 0.574479 0.495312 0.015625 0.030208
0 0.731250 0.490104 0.016667 0.017708
0 0.766146 0.550521 0.015625 0.021875
0 0.797917 0.571354 0.012500 0.040625
0 0.813542 0.558854 0.012500 0.021875
0 0.708333 0.607292 0.010417 0.029167
0 0.727604 0.625521 0.013542 0.023958
0 0.808854 0.693750 0.011458 0.035417
