0 0.500521 0.577604 0.055208 0.101042
0 0.497396 0.481250 0.040625 0.072917
0 0.394271 0.384375 0.063542 0.054167
0 0.622917 0.504167 0.022917 0.035417
0 0.611979 0.540104 0.021875 0.030208
0 0.589583 0.517188 0.016667 0.023958
0 0.554688 0.506250 0.036458 0.083333
0 0.605208 0.466667 0.022917 0.075000
0 0.576562 0.471354 0.038542 0.061458
0 0.584896 0.375000 0.038542 0.039583
0 0.550000 0.386458 0.035417 0.050000
0 0.530208 0.402604 0.031250 0.059375
0 0.490625 0.398958 0.058333 0.079167
0 0.464062 0.432292 0.067708 0.070833
0 0.436979 0.597917 0.065625 0.081250
0 0.387500 0.585417 0.031250 0.052083
