0 0.176042 0.755208 0.010417 0.012500
0 0.187500 0.525000 0.018750 0.043750
0 0.215625 0.577604 0.010417 0.015625
0 0.211979 0.602604 0.011458 0.021875
0 0.240625 0.625521 0.014583 0.021875
0 0.253125 0.598958 0.016667 0.025000
0 0.316667 0.576042 0.012500 0.033333
0 0.379688 0.531771 0.013542 0.013542
0 0.659375 0.507292 0.016667 0.029167
0 0.663542 0.541667 0.012500 0.029167
0 0.630208 0.563021 0.014583 0.013542
0 0.755729 0.435937 0.013542 0.023958
0 0.741146 0.413021 0.011458 0.026042
0 0.761458 0.380208 0.012500 0.022917
0 0.827604 0.379688 0.013542 0.019792
0 0.781771 0.294271 0.013542 0.013542
