0 0.560417 0.474479 0.027083 0.046875
0 0.532292 0.491146 0.020833 0.034375
0 0.679688 0.365625 0.030208 0.018750
0 0.696875 0.555208 0.029167 0.043750
0 0.665625 0.515104 0.022917 0.030208
0 0.596354 0.415104 0.023958 0.042708
0 0.452083 0.554688 0.020833 0.026042
0 0.429167 0.515104 0.018750 0.026042
0 0.418229 0.655208 0.015625 0.014583
0 0.408333 0.567708 0.012500 0.022917
0 0.378646 0.503125 0.021875 0.016667
0 0.396354 0.471354 0.013542 0.015625
0 0.483333 0.488021 0.014583 0.021875
0 0.761979 0.613542 0.015625 0.025000
0 0.611979 0.463542 0.017708 0.025000
0 0.631250 0.466146 0.014583 0.042708
0 0.648438 0.468229 0.011458 0.019792
0 0.659375 0.432292 0.012500 0.029167
0 0.666146 0.608333 0.013542 0.016667
