0 0.421875 0.498437 0.097917 0.053125
0 0.403125 0.562500 0.081250 0.068750
0 0.496354 0.444792 0.082292 0.037500
0 0.519792 0.501042 0.083333 0.047917
0 0.616667 0.605729 0.050000 0.061458
0 0.570312 0.534375 0.078125 0.070833
0 0.601042 0.510417 0.083333 0.062500
0 0.464062 0.386458 0.036458 0.020833
0 0.528646 0.423958 0.067708 0.039583
0 0.625521 0.417187 0.032292 0.048958
0 0.614583 0.446875 0.054167 0.027083
0 0.603646 0.469271 0.078125 0.032292
0 0.531771 0.395833 0.071875 0.022917
0 0.493750 0.376563 0.031250 0.015625
0 0.481771 0.408333 0.019792 0.018750
