0 0.685417 0.841667 0.018750 0.012500
0 0.673958 0.830208 0.027083 0.014583
0 0.666667 0.815625 0.014583 0.008333
0 0.661458 0.803646 0.020833 0.011458
0 0.613542 0.721354 0.014583 0.009375
0 0.579688 0.626563 0.023958 0.009375
0 0.573958 0.588021 0.020833 0.011458
0 0.596354 0.617188 0.015625 0.009375
0 0.495312 0.425521 0.021875 0.013542
0 0.494271 0.399479 0.017708 0.011458
0 0.482812 0.376563 0.017708 0.009375
0 0.493229 0.391667 0.013542 0.010417
0 0.443750 0.385417 0.012500 0.010417
0 0.395313 0.272396 0.015625 0.009375
0 0.328125 0.234896 0.008333 0.007292
0 0.406250 0.297396 0.014583 0.005208
0 0.436979 0.304688 0.013542 0.007292
0 0.289062 0.181771 0.013542 0.007292
