0 0.540104 0.267188 0.023958 0.013542
0 0.585938 0.275000 0.021875 0.010417
0 0.582292 0.287500 0.025000 0.010417
0 0.541146 0.283333 0.021875 0.012500
0 0.507812 0.328125 0.015625 0.010417
0 0.618750 0.355729 0.022917 0.013542
0 0.545312 0.426042 0.021875 0.012500
0 0.609896 0.421875 0.013542 0.008333
0 0.509896 0.514062 0.030208 0.011458
0 0.573438 0.505208 0.013542 0.014583
0 0.582292 0.523958 0.016667 0.010417
0 0.524479 0.614583 0.017708 0.012500
0 0.653646 0.673958 0.028125 0.012500
0 0.658333 0.694792 0.037500 0.014583
0 0.642708 0.705729 0.022917 0.009375
0 0.575000 0.737500 0.018750 0.010417
0 0.645833 0.804688 0.029167 0.013542
0 0.616146 0.825521 0.021875 0.009375
0 0.635938 0.597917 0.017708 0.012500
