0 0.543229 0.227083 0.042708 0.016667
0 0.327083 0.317188 0.020833 0.013542
0 0.471354 0.317188 0.026042 0.015625
0 0.442188 0.326042 0.026042 0.012500
0 0.531250 0.353125 0.045833 0.033333
0 0.575521 0.375000 0.040625 0.033333
0 0.611458 0.264062 0.020833 0.009375
0 0.580208 0.347396 0.027083 0.015625
0 0.609375 0.354687 0.018750 0.011458
0 0.535937 0.389583 0.023958 0.010417
0 0.476042 0.538021 0.037500 0.017708
0 0.558854 0.521875 0.038542 0.014583
0 0.617708 0.512500 0.052083 0.016667
0 0.662500 0.505208 0.033333 0.010417
0 0.584375 0.538021 0.022917 0.011458
0 0.642708 0.562500 0.039583 0.018750
0 0.677083 0.566667 0.012500 0.018750
0 0.458333 0.591667 0.054167 0.025000
0 0.527604 0.622917 0.051042 0.022917
0 0.434375 0.653125 0.029167 0.016667
0 0.386979 0.666146 0.028125 0.011458
0 0.563542 0.734375 0.035417 0.020833
0 0.330729 0.490104 0.023958 0.015625
0 0.582292 0.285938 0.016667 0.015625
0 0.657292 0.415625 0.027083 0.018750
