0 0.427083 0.201042 0.043750 0.014583
0 0.440104 0.185938 0.015625 0.011458
0 0.306771 0.190625 0.030208 0.008333
0 0.356250 0.259896 0.031250 0.013542
0 0.402083 0.275521 0.027083 0.009375
0 0.375521 0.271875 0.028125 0.008333
0 0.445833 0.232292 0.018750 0.010417
0 0.390625 0.290625 0.029167 0.010417
0 0.508333 0.269271 0.016667 0.013542
0 0.364063 0.328646 0.028125 0.007292
0 0.483854 0.414583 0.023958 0.016667
0 0.504167 0.426042 0.022917 0.014583
0 0.640625 0.404687 0.025000 0.011458
0 0.349479 0.446354 0.023958 0.013542
0 0.363021 0.480729 0.026042 0.015625
0 0.439062 0.471354 0.036458 0.011458
0 0.410417 0.493229 0.050000 0.013542
0 0.472917 0.500521 0.033333 0.013542
0 0.505729 0.499479 0.038542 0.011458
0 0.353125 0.520833 0.025000 0.014583
0 0.377083 0.560417 0.029167 0.014583
0 0.493750 0.567187 0.035417 0.015625
0 0.555208 0.551562 0.039583 0.013542
0 0.545312 0.566146 0.028125 0.013542
0 0.623958 0.575000 0.031250 0.010417
0 0.637500 0.588021 0.027083 0.015625
0 0.602083 0.603125 0.035417 0.014583
0 0.571354 0.621875 0.042708 0.016667
0 0.426563 0.610417 0.034375 0.014583
0 0.293750 0.648958 0.045833 0.016667
0 0.470312 0.639583 0.019792 0.010417
0 0.494792 0.642708 0.033333 0.012500
0 0.593750 0.646875 0.027083 0.014583
0 0.580729 0.657813 0.048958 0.013542
0 0.651042 0.622396 0.045833 0.013542
0 0.652083 0.676562 0.056250 0.015625
0 0.563542 0.675521 0.041667 0.015625
0 0.489583 0.674479 0.033333 0.013542
0 0.620833 0.746354 0.052083 0.015625
0 0.688542 0.769792 0.041667 0.016667
0 0.719792 0.718750 0.016667 0.016667
0 0.506250 0.783333 0.037500 0.022917
0 0.682292 0.704167 0.031250 0.014583
0 0.563021 0.704167 0.040625 0.016667
0 0.486979 0.660937 0.046875 0.011458
0 0.460938 0.626563 0.038542 0.013542
0 0.445833 0.481771 0.029167 0.013542
