0 0.649479 0.792188 0.021875 0.013542
0 0.423958 0.203125 0.039583 0.012500
0 0.383333 0.202604 0.020833 0.009375
0 0.383333 0.210938 0.029167 0.011458
0 0.440625 0.226042 0.033333 0.018750
0 0.512500 0.204687 0.029167 0.009375
0 0.539583 0.203646 0.020833 0.009375
0 0.559375 0.214062 0.022917 0.009375
0 0.616667 0.229167 0.029167 0.016667
0 0.631771 0.206250 0.021875 0.012500
0 0.535417 0.243229 0.037500 0.013542
0 0.598437 0.278125 0.026042 0.014583
0 0.515625 0.273958 0.022917 0.016667
0 0.459896 0.293750 0.023958 0.022917
0 0.406250 0.319792 0.031250 0.018750
0 0.527604 0.295312 0.017708 0.009375
0 0.541667 0.335417 0.033333 0.018750
0 0.611458 0.334896 0.018750 0.017708
0 0.401562 0.357812 0.028125 0.013542
0 0.387500 0.389583 0.037500 0.012500
0 0.367708 0.400000 0.025000 0.012500
0 0.392708 0.402604 0.016667 0.007292
0 0.445833 0.375000 0.033333 0.016667
0 0.471354 0.396875 0.036458 0.012500
0 0.466667 0.403646 0.043750 0.011458
0 0.506250 0.344792 0.039583 0.018750
0 0.519792 0.361458 0.025000 0.014583
0 0.494792 0.360938 0.025000 0.011458
0 0.523958 0.372917 0.029167 0.012500
0 0.477604 0.382812 0.023958 0.015625
0 0.490104 0.389583 0.021875 0.012500
0 0.500000 0.379167 0.020833 0.012500
0 0.510417 0.385937 0.000000 0.001042
0 0.519271 0.389583 0.021875 0.012500
0 0.514583 0.402604 0.016667 0.009375
0 0.541146 0.402604 0.021875 0.013542
0 0.569271 0.370833 0.026042 0.012500
0 0.585938 0.357292 0.040625 0.018750
0 0.606250 0.368750 0.029167 0.010417
0 0.586458 0.379688 0.022917 0.013542
0 0.567708 0.398438 0.014583 0.013542
0 0.616667 0.391667 0.020833 0.010417
0 0.636979 0.394271 0.021875 0.011458
0 0.611458 0.403646 0.022917 0.009375
0 0.644271 0.404167 0.019792 0.008333
0 0.669271 0.403646 0.019792 0.007292
0 0.550521 0.283333 0.021875 0.012500
0 0.512500 0.330208 0.020833 0.010417
