0 0.619271 0.171354 0.015625 0.013542
0 0.618229 0.236979 0.023958 0.013542
0 0.563021 0.243229 0.023958 0.009375
0 0.585417 0.257292 0.025000 0.014583
0 0.456250 0.334896 0.031250 0.015625
0 0.490625 0.339062 0.027083 0.013542
0 0.436458 0.366667 0.010417 0.012500
0 0.466667 0.619271 0.010417 0.009375
0 0.423958 0.682292 0.033333 0.012500
0 0.394271 0.721354 0.021875 0.011458
0 0.400521 0.744271 0.023958 0.015625
0 0.375000 0.756250 0.025000 0.016667
0 0.397917 0.786979 0.027083 0.011458
0 0.419271 0.784375 0.015625 0.006250
0 0.456250 0.781250 0.020833 0.006250
0 0.472917 0.808854 0.041667 0.013542
0 0.243229 0.823437 0.009375 0.009375
0 0.688542 0.213021 0.041667 0.017708
