0 0.451562 0.241667 0.015625 0.006250
0 0.344271 0.247396 0.028125 0.005208
0 0.439583 0.256250 0.031250 0.010417
0 0.457292 0.281250 0.014583 0.012500
0 0.383333 0.303125 0.022917 0.008333
0 0.397917 0.312500 0.020833 0.008333
0 0.420312 0.315104 0.021875 0.007292
0 0.507812 0.310417 0.011458 0.012500
0 0.412500 0.329167 0.022917 0.008333
0 0.390104 0.359896 0.023958 0.011458
0 0.487500 0.431250 0.020833 0.012500
0 0.505208 0.438542 0.022917 0.010417
0 0.378125 0.455208 0.020833 0.010417
0 0.451562 0.476562 0.034375 0.011458
0 0.457292 0.483854 0.025000 0.009375
0 0.388542 0.483333 0.020833 0.010417
0 0.428125 0.494271 0.037500 0.011458
0 0.478125 0.501563 0.025000 0.011458
0 0.504167 0.498958 0.031250 0.008333
0 0.381771 0.516667 0.019792 0.012500
0 0.400521 0.548438 0.023958 0.009375
0 0.496875 0.554167 0.029167 0.010417
0 0.545312 0.541667 0.030208 0.012500
0 0.538021 0.553125 0.021875 0.008333
0 0.441146 0.589063 0.023958 0.009375
0 0.330208 0.620313 0.033333 0.011458
0 0.601562 0.560937 0.021875 0.009375
0 0.611458 0.570312 0.022917 0.013542
0 0.583333 0.583333 0.025000 0.010417
0 0.623437 0.600000 0.032292 0.012500
0 0.558854 0.598437 0.032292 0.011458
0 0.498437 0.615104 0.026042 0.009375
0 0.477083 0.613542 0.018750 0.010417
0 0.577083 0.619271 0.022917 0.009375
0 0.565104 0.628125 0.040625 0.012500
0 0.626563 0.644792 0.042708 0.014583
0 0.551562 0.643229 0.032292 0.015625
0 0.488542 0.641146 0.025000 0.013542
0 0.600000 0.699479 0.045833 0.013542
0 0.654687 0.719271 0.034375 0.013542
0 0.505729 0.730729 0.032292 0.021875
0 0.679688 0.678646 0.013542 0.011458
0 0.616667 0.421875 0.022917 0.010417
0 0.650521 0.666667 0.021875 0.012500
0 0.551042 0.665104 0.031250 0.011458
0 0.490104 0.631771 0.036458 0.011458
