0 0.515104 0.352083 0.051042 0.027083
0 0.495312 0.364063 0.030208 0.030208
0 0.463021 0.363542 0.036458 0.033333
0 0.445833 0.375521 0.039583 0.023958
0 0.413542 0.373437 0.025000 0.028125
0 0.413021 0.348438 0.026042 0.021875
0 0.393229 0.376563 0.021875 0.023958
0 0.515625 0.409896 0.035417 0.021875
0 0.432812 0.424479 0.053125 0.023958
0 0.421354 0.445833 0.040625 0.022917
0 0.363542 0.472396 0.052083 0.038542
0 0.410417 0.487500 0.041667 0.027083
0 0.431771 0.468229 0.048958 0.026042
0 0.502604 0.448958 0.048958 0.027083
0 0.520833 0.480729 0.033333 0.026042
0 0.493229 0.467708 0.026042 0.016667
0 0.553646 0.500000 0.028125 0.014583
0 0.547396 0.534375 0.021875 0.014583
0 0.388021 0.525000 0.040625 0.018750
0 0.433854 0.524479 0.046875 0.015625
0 0.471875 0.536979 0.058333 0.023958
0 0.400000 0.538021 0.027083 0.011458
0 0.460938 0.493229 0.044792 0.036458
