0 0.678125 0.842708 0.020833 0.012500
0 0.668229 0.831250 0.026042 0.016667
0 0.660417 0.816146 0.014583 0.009375
0 0.657292 0.804167 0.018750 0.014583
0 0.608333 0.720833 0.020833 0.008333
0 0.572917 0.626563 0.020833 0.009375
0 0.588021 0.617188 0.017708 0.009375
0 0.568229 0.588542 0.021875 0.012500
0 0.488542 0.425000 0.020833 0.012500
0 0.490104 0.399479 0.021875 0.013542
0 0.487500 0.391146 0.010417 0.009375
0 0.435937 0.385937 0.011458 0.009375
0 0.390104 0.272396 0.015625 0.011458
0 0.398438 0.297396 0.015625 0.011458
0 0.431250 0.306250 0.016667 0.006250
0 0.323958 0.235937 0.010417 0.009375
0 0.281771 0.181250 0.013542 0.006250
0 0.302604 0.107812 0.009375 0.009375
