0 0.494271 0.581250 0.048958 0.027083
0 0.518750 0.637500 0.043750 0.027083
0 0.351042 0.820833 0.041667 0.014583
0 0.268229 0.931250 0.026042 0.018750
0 0.515104 0.147396 0.061458 0.021875
0 0.572917 0.151042 0.043750 0.016667
0 0.610938 0.185938 0.034375 0.017708
0 0.691667 0.166667 0.039583 0.014583
0 0.458854 0.246354 0.040625 0.013542
0 0.407812 0.372917 0.032292 0.008333
0 0.400521 0.503125 0.021875 0.010417
0 0.438021 0.493229 0.023958 0.013542
0 0.622917 0.978646 0.058333 0.034375
0 0.542708 0.206771 0.031250 0.011458
