0 0.373958 0.308333 0.037500 0.033333
0 0.495833 0.363542 0.037500 0.031250
0 0.535417 0.377604 0.045833 0.051042
0 0.538021 0.353646 0.057292 0.034375
0 0.550521 0.331250 0.088542 0.050000
0 0.557813 0.345313 0.026042 0.023958
0 0.611458 0.350000 0.027083 0.018750
0 0.595833 0.376563 0.047917 0.026042
0 0.604167 0.414583 0.070833 0.052083
0 0.520833 0.427083 0.072917 0.043750
0 0.553646 0.459375 0.057292 0.035417
0 0.555729 0.486979 0.048958 0.032292
0 0.493229 0.519271 0.057292 0.048958
0 0.528646 0.514583 0.040625 0.035417
0 0.468229 0.553646 0.044792 0.034375
0 0.476562 0.588021 0.065625 0.038542
0 0.566146 0.532813 0.059375 0.044792
0 0.605208 0.550521 0.031250 0.032292
0 0.630729 0.527604 0.021875 0.036458
0 0.551562 0.572917 0.090625 0.052083
0 0.570833 0.610938 0.056250 0.023958
0 0.554167 0.627083 0.066667 0.035417
0 0.615625 0.622917 0.037500 0.027083
0 0.484896 0.628646 0.059375 0.026042
0 0.425521 0.620833 0.046875 0.022917
0 0.383854 0.616146 0.042708 0.015625
0 0.359896 0.583854 0.015625 0.030208
