0 0.573958 0.347396 0.070833 0.036458
0 0.447396 0.345313 0.082292 0.021875
0 0.511458 0.346354 0.052083 0.028125
0 0.329688 0.353125 0.065625 0.025000
0 0.384375 0.345313 0.043750 0.021875
0 0.348438 0.391146 0.065625 0.063542
0 0.297396 0.443750 0.082292 0.058333
0 0.473438 0.430208 0.086458 0.054167
0 0.563021 0.436458 0.098958 0.054167
0 0.435937 0.478646 0.121875 0.042708
0 0.612500 0.511979 0.129167 0.051042
0 0.494792 0.513542 0.097917 0.047917
0 0.413021 0.542708 0.090625 0.050000
0 0.516146 0.564583 0.113542 0.052083
0 0.587500 0.582292 0.047917 0.050000
0 0.284375 0.615625 0.089583 0.045833
0 0.254167 0.654167 0.029167 0.025000
0 0.359896 0.640625 0.115625 0.043750
0 0.416667 0.665104 0.108333 0.021875
0 0.575521 0.657813 0.063542 0.036458
0 0.472396 0.367708 0.098958 0.033333
0 0.560937 0.382812 0.086458 0.036458
0 0.449479 0.585417 0.030208 0.022917
