0 0.177083 0.334375 0.027083 0.014583
0 0.223437 0.343750 0.036458 0.016667
0 0.268750 0.365104 0.029167 0.021875
0 0.337500 0.373437 0.070833 0.021875
0 0.333854 0.391667 0.032292 0.018750
0 0.436979 0.434375 0.026042 0.016667
0 0.463021 0.436458 0.034375 0.014583
0 0.461979 0.445312 0.026042 0.011458
0 0.554688 0.484896 0.036458 0.019792
0 0.616146 0.516146 0.034375 0.013542
0 0.651042 0.526042 0.037500 0.018750
0 0.598437 0.540625 0.034375 0.016667
0 0.521354 0.467187 0.028125 0.015625
0 0.497917 0.467187 0.025000 0.017708
