0 0.416667 0.301563 0.020833 0.015625
0 0.288021 0.282292 0.021875 0.012500
0 0.502604 0.425521 0.021875 0.015625
0 0.472396 0.439583 0.021875 0.012500
0 0.471354 0.461458 0.030208 0.014583
0 0.494271 0.469271 0.019792 0.011458
0 0.497396 0.482812 0.023958 0.017708
0 0.517708 0.457813 0.031250 0.015625
0 0.482292 0.475521 0.018750 0.015625
0 0.530729 0.598958 0.019792 0.016667
0 0.561458 0.580208 0.018750 0.016667
0 0.601562 0.648438 0.019792 0.017708
0 0.606250 0.664583 0.016667 0.012500
0 0.517708 0.653125 0.025000 0.020833
0 0.608333 0.748958 0.033333 0.014583
0 0.633333 0.754167 0.025000 0.014583
0 0.623437 0.767708 0.021875 0.016667
0 0.658333 0.790625 0.016667 0.012500
0 0.645833 0.802604 0.018750 0.015625
0 0.506250 0.829167 0.035417 0.018750
0 0.676562 0.839583 0.017708 0.014583
0 0.665625 0.852083 0.029167 0.016667
0 0.698438 0.856250 0.017708 0.014583
0 0.672917 0.874479 0.027083 0.013542
0 0.766667 0.894792 0.027083 0.018750
0 0.703646 0.931250 0.017708 0.014583
0 0.726562 0.941667 0.023958 0.014583
0 0.772917 0.953125 0.025000 0.016667
0 0.788542 0.983333 0.020833 0.014583
0 0.663542 0.979167 0.016667 0.014583
0 0.497917 0.504167 0.025000 0.012500
0 0.752604 0.838542 0.015625 0.016667
0 0.786979 0.970833 0.023958 0.010417
0 0.579688 0.585417 0.009375 0.014583
0 0.528125 0.468750 0.022917 0.014583
0 0.514062 0.443229 0.017708 0.011458
