0 0.361458 0.340625 0.104167 0.060417
0 0.195312 0.358854 0.094792 0.040625
0 0.129167 0.402604 0.056250 0.057292
0 0.210938 0.639062 0.042708 0.038542
0 0.618229 0.607292 0.094792 0.037500
0 0.715625 0.599479 0.097917 0.038542
0 0.695312 0.747917 0.086458 0.039583
0 0.624479 0.773438 0.082292 0.038542
0 0.691146 0.818750 0.042708 0.045833
0 0.806771 0.852083 0.123958 0.031250
0 0.763542 0.885417 0.085417 0.033333
0 0.632812 0.917187 0.034375 0.044792
0 0.672396 0.046875 0.051042 0.025000
0 0.118229 0.089583 0.030208 0.031250
