0 0.544792 0.104167 0.112500 0.060417
0 0.490104 0.022917 0.023958 0.043750
0 0.647917 0.089063 0.066667 0.036458
0 0.551042 0.160938 0.035417 0.057292
0 0.604167 0.240625 0.056250 0.087500
0 0.397917 0.657813 0.056250 0.038542
0 0.398958 0.985938 0.079167 0.028125
0 0.527083 0.986458 0.110417 0.027083
0 0.727604 0.520312 0.040625 0.026042
0 0.548958 0.472396 0.039583 0.036458
0 0.672396 0.596875 0.076042 0.016667
0 0.709375 0.344792 0.064583 0.033333
0 0.771354 0.357292 0.067708 0.052083
0 0.825521 0.347396 0.096875 0.028125
0 0.686979 0.512500 0.038542 0.025000
