0 0.209896 0.606771 0.065625 0.059375
0 0.205208 0.660417 0.089583 0.075000
0 0.132812 0.970313 0.063542 0.042708
0 0.251563 0.947917 0.067708 0.035417
0 0.605208 0.616667 0.079167 0.039583
0 0.732812 0.614583 0.065625 0.037500
0 0.865625 0.550521 0.027083 0.011458
0 0.505729 0.276562 0.055208 0.034375
0 0.594792 0.329167 0.031250 0.031250
0 0.687500 0.260937 0.041667 0.028125
0 0.162500 0.190625 0.043750 0.039583
0 0.226042 0.269271 0.037500 0.065625
0 0.335417 0.575521 0.083333 0.053125
0 0.407812 0.657813 0.030208 0.032292
0 0.441667 0.574479 0.029167 0.017708
0 0.500000 0.188021 0.025000 0.023958
