0 0.206771 0.091146 0.078125 0.042708
0 0.135417 0.104167 0.068750 0.039583
0 0.180729 0.141146 0.084375 0.048958
0 0.120833 0.148438 0.039583 0.046875
0 0.113542 0.216667 0.022917 0.050000
0 0.477604 0.097917 0.040625 0.016667
0 0.200521 0.315104 0.082292 0.051042
0 0.400521 0.613021 0.119792 0.042708
0 0.746875 0.582292 0.091667 0.033333
0 0.178125 0.766667 0.083333 0.020833
0 0.261979 0.777083 0.080208 0.022917
0 0.284375 0.802604 0.137500 0.028125
0 0.419271 0.807292 0.088542 0.050000
0 0.483333 0.198958 0.037500 0.012500
0 0.443750 0.923958 0.027083 0.022917
0 0.527604 0.910417 0.030208 0.018750
0 0.300000 0.480208 0.041667 0.022917
