0 0.597396 0.436458 0.078125 0.066667
0 0.587500 0.389062 0.047917 0.032292
0 0.382812 0.393750 0.046875 0.062500
0 0.576562 0.501042 0.098958 0.052083
0 0.428646 0.467187 0.073958 0.067708
0 0.399479 0.487500 0.082292 0.060417
0 0.478646 0.498958 0.078125 0.041667
0 0.502604 0.553646 0.078125 0.034375
0 0.469792 0.576562 0.062500 0.040625
0 0.536458 0.611979 0.033333 0.017708
0 0.395313 0.540104 0.071875 0.051042
0 0.373958 0.582812 0.029167 0.044792
0 0.517188 0.589583 0.021875 0.016667
0 0.478646 0.613021 0.090625 0.040625
