0 0.436458 0.266667 0.039583 0.018750
0 0.562500 0.347917 0.031250 0.018750
0 0.614062 0.333333 0.026042 0.012500
0 0.472396 0.376042 0.051042 0.025000
0 0.541146 0.408854 0.053125 0.019792
0 0.521354 0.462500 0.040625 0.018750
0 0.356250 0.436979 0.035417 0.017708
0 0.322396 0.432812 0.011458 0.019792
0 0.414062 0.461979 0.023958 0.011458
0 0.440104 0.479167 0.038542 0.014583
0 0.380729 0.488021 0.042708 0.015625
0 0.336979 0.493229 0.032292 0.009375
0 0.422917 0.625000 0.037500 0.029167
0 0.469271 0.646354 0.048958 0.034375
0 0.463021 0.609375 0.021875 0.010417
0 0.390625 0.645312 0.018750 0.011458
0 0.419792 0.654167 0.027083 0.010417
0 0.528646 0.681250 0.023958 0.014583
0 0.672396 0.682292 0.023958 0.012500
0 0.455208 0.773438 0.041667 0.015625
0 0.559375 0.672917 0.029167 0.014583
0 0.552604 0.609896 0.013542 0.011458
0 0.341146 0.588021 0.026042 0.021875
0 0.415625 0.712500 0.014583 0.014583
