0 0.314063 0.156771 0.017708 0.011458
0 0.326042 0.169271 0.027083 0.015625
0 0.332292 0.183854 0.014583 0.009375
0 0.336979 0.195833 0.019792 0.012500
0 0.421354 0.372396 0.021875 0.011458
0 0.423437 0.410938 0.019792 0.011458
0 0.504687 0.575000 0.023958 0.012500
0 0.505729 0.600000 0.017708 0.012500
0 0.507292 0.608854 0.010417 0.009375
0 0.556250 0.614062 0.014583 0.011458
0 0.603125 0.727604 0.016667 0.011458
0 0.594271 0.703125 0.015625 0.008333
0 0.671875 0.765104 0.012500 0.009375
0 0.563021 0.694792 0.013542 0.006250
0 0.384375 0.279167 0.018750 0.010417
