0 0.383333 0.171875 0.018750 0.006250
0 0.353125 0.195312 0.027083 0.011458
0 0.425521 0.261979 0.023958 0.013542
0 0.413542 0.208333 0.016667 0.006250
0 0.356771 0.294792 0.023958 0.008333
0 0.459896 0.732292 0.023958 0.014583
0 0.459896 0.715104 0.021875 0.013542
0 0.417187 0.711979 0.028125 0.011458
0 0.413021 0.725521 0.023958 0.009375
0 0.379167 0.645312 0.022917 0.017708
0 0.488542 0.672396 0.018750 0.011458
0 0.388021 0.578125 0.015625 0.010417
0 0.453646 0.573958 0.021875 0.012500
0 0.423437 0.494792 0.015625 0.010417
0 0.489063 0.485417 0.030208 0.012500
0 0.415104 0.475521 0.013542 0.011458
0 0.346354 0.325000 0.026042 0.010417
0 0.364583 0.401562 0.012500 0.013542
0 0.473438 0.383333 0.019792 0.014583
0 0.343750 0.305208 0.033333 0.012500
0 0.319271 0.303125 0.011458 0.012500
