0 0.494271 0.216146 0.036458 0.021875
0 0.312500 0.229687 0.041667 0.017708
0 0.378125 0.255208 0.054167 0.014583
0 0.280729 0.282292 0.015625 0.016667
0 0.310937 0.295833 0.032292 0.010417
0 0.345833 0.324479 0.052083 0.015625
0 0.709896 0.351562 0.038542 0.015625
0 0.347396 0.377604 0.038542 0.015625
0 0.277083 0.341146 0.008333 0.011458
0 0.438021 0.325000 0.038542 0.014583
0 0.420833 0.342187 0.047917 0.013542
0 0.406250 0.352604 0.027083 0.013542
0 0.511979 0.324479 0.034375 0.011458
0 0.512500 0.336458 0.045833 0.012500
0 0.503646 0.358333 0.032292 0.014583
0 0.529167 0.359896 0.022917 0.011458
0 0.541146 0.372396 0.042708 0.015625
0 0.428125 0.379167 0.041667 0.016667
0 0.397917 0.397396 0.035417 0.013542
0 0.363021 0.413021 0.028125 0.017708
0 0.378125 0.423958 0.029167 0.012500
0 0.573958 0.389062 0.031250 0.013542
0 0.621875 0.440104 0.027083 0.013542
0 0.645833 0.478125 0.029167 0.014583
0 0.619271 0.431250 0.011458 0.006250
0 0.506250 0.433333 0.029167 0.012500
0 0.492708 0.383854 0.043750 0.017708
0 0.453125 0.433854 0.027083 0.011458
0 0.443229 0.449479 0.040625 0.015625
0 0.588542 0.507292 0.047917 0.018750
0 0.529687 0.498437 0.034375 0.015625
0 0.493229 0.500000 0.048958 0.012500
0 0.558854 0.525521 0.038542 0.021875
0 0.635417 0.520312 0.031250 0.015625
0 0.360417 0.595313 0.022917 0.013542
0 0.494271 0.575000 0.026042 0.014583
0 0.518750 0.583854 0.025000 0.017708
0 0.651563 0.555208 0.026042 0.016667
0 0.635417 0.672396 0.027083 0.009375
0 0.608333 0.709375 0.029167 0.010417
0 0.596875 0.725521 0.027083 0.011458
0 0.626042 0.729167 0.029167 0.010417
0 0.643229 0.739583 0.028125 0.012500
0 0.492188 0.732292 0.017708 0.014583
0 0.554688 0.768229 0.019792 0.011458
0 0.575000 0.798438 0.039583 0.013542
0 0.691146 0.808333 0.036458 0.008333
0 0.438542 0.295312 0.043750 0.017708
0 0.559375 0.816146 0.018750 0.009375
