0 0.347917 0.208333 0.020833 0.012500
0 0.366667 0.792188 0.022917 0.009375
0 0.382812 0.770833 0.026042 0.014583
0 0.440625 0.785937 0.020833 0.009375
0 0.400000 0.721354 0.022917 0.013542
0 0.466146 0.756771 0.032292 0.011458
0 0.485417 0.794792 0.029167 0.008333
0 0.556771 0.773958 0.032292 0.016667
0 0.579167 0.797396 0.037500 0.011458
0 0.616146 0.789583 0.030208 0.010417
0 0.619271 0.797917 0.017708 0.006250
0 0.460938 0.796875 0.019792 0.006250
0 0.483854 0.726042 0.023958 0.014583
0 0.471875 0.704688 0.012500 0.009375
0 0.538542 0.707812 0.025000 0.017708
0 0.595313 0.680729 0.028125 0.017708
0 0.598958 0.640625 0.029167 0.012500
0 0.614062 0.610417 0.030208 0.010417
0 0.458333 0.665625 0.031250 0.016667
0 0.486979 0.669792 0.023958 0.012500
0 0.389062 0.665104 0.019792 0.019792
0 0.330729 0.596875 0.017708 0.006250
0 0.356771 0.596354 0.021875 0.007292
0 0.364583 0.606250 0.020833 0.012500
0 0.389062 0.595833 0.021875 0.008333
0 0.385417 0.608854 0.020833 0.013542
0 0.414583 0.621354 0.025000 0.015625
0 0.393750 0.629167 0.025000 0.014583
0 0.433854 0.628125 0.021875 0.012500
0 0.415104 0.643229 0.036458 0.015625
0 0.433854 0.601562 0.017708 0.013542
0 0.459375 0.597396 0.022917 0.009375
0 0.484896 0.596875 0.017708 0.006250
0 0.528125 0.597396 0.052083 0.011458
0 0.528125 0.602604 0.039583 0.011458
0 0.511979 0.610938 0.021875 0.011458
0 0.482292 0.611458 0.020833 0.012500
0 0.498958 0.619792 0.022917 0.012500
0 0.521875 0.617188 0.022917 0.013542
0 0.555208 0.623958 0.029167 0.016667
0 0.477604 0.627604 0.028125 0.011458
0 0.482292 0.640104 0.020833 0.013542
0 0.504687 0.640625 0.021875 0.010417
0 0.494271 0.655729 0.034375 0.015625
0 0.610417 0.598437 0.020833 0.007292
0 0.634896 0.599479 0.021875 0.011458
0 0.448958 0.716146 0.025000 0.013542
