0 0.331250 0.016667 0.020833 0.031250
0 0.372396 0.042188 0.030208 0.042708
0 0.344271 0.094271 0.034375 0.057292
0 0.319792 0.208333 0.041667 0.045833
0 0.354167 0.202083 0.033333 0.050000
0 0.372917 0.225521 0.033333 0.048958
0 0.354687 0.309375 0.026042 0.062500
0 0.309375 0.375521 0.039583 0.063542
0 0.328125 0.862500 0.039583 0.062500
0 0.344271 0.765625 0.021875 0.043750
0 0.365625 0.613542 0.027083 0.054167
0 0.367188 0.567708 0.030208 0.043750
0 0.360417 0.461458 0.031250 0.056250
0 0.371354 0.499479 0.030208 0.042708
0 0.367708 0.535417 0.020833 0.027083
