0 0.680208 0.582812 0.068750 0.032292
0 0.599479 0.486979 0.067708 0.028125
0 0.536458 0.509375 0.052083 0.033333
0 0.501042 0.474479 0.037500 0.015625
0 0.461458 0.480729 0.043750 0.023958
0 0.447396 0.504687 0.057292 0.034375
0 0.373437 0.436458 0.051042 0.022917
0 0.354687 0.493750 0.082292 0.047917
0 0.327083 0.553646 0.060417 0.040625
0 0.604688 0.620313 0.053125 0.026042
0 0.626563 0.636979 0.044792 0.026042
0 0.474479 0.606771 0.028125 0.009375
0 0.508854 0.616667 0.042708 0.016667
0 0.568750 0.632292 0.083333 0.035417
0 0.318750 0.523958 0.041667 0.018750
