0 0.584896 0.690625 0.123958 0.066667
0 0.482292 0.700000 0.087500 0.068750
0 0.401562 0.707292 0.071875 0.064583
0 0.344271 0.602083 0.063542 0.097917
0 0.419792 0.446354 0.077083 0.076042
0 0.427083 0.508333 0.037500 0.041667
0 0.482812 0.565104 0.048958 0.046875
0 0.566667 0.433854 0.037500 0.080208
0 0.479687 0.465625 0.051042 0.068750
0 0.517708 0.492708 0.064583 0.087500
0 0.519792 0.346875 0.045833 0.052083
0 0.480208 0.376563 0.033333 0.048958
0 0.288542 0.824479 0.020833 0.017708
0 0.465104 0.519792 0.032292 0.041667
