0 0.403125 0.458854 0.027083 0.013542
0 0.352083 0.473958 0.035417 0.014583
0 0.384896 0.482812 0.028125 0.011458
0 0.440104 0.513542 0.034375 0.014583
0 0.563542 0.565625 0.022917 0.012500
0 0.537500 0.554688 0.027083 0.007292
0 0.540104 0.563021 0.028125 0.011458
0 0.478125 0.533854 0.025000 0.015625
0 0.666146 0.609375 0.026042 0.014583
0 0.645833 0.623958 0.039583 0.014583
0 0.680729 0.623437 0.028125 0.013542
0 0.667708 0.635938 0.025000 0.013542
0 0.725521 0.632812 0.032292 0.023958
0 0.773958 0.656250 0.033333 0.012500
0 0.822396 0.664583 0.030208 0.012500
0 0.518229 0.536458 0.046875 0.020833
