0 0.421354 0.275000 0.028125 0.018750
0 0.358854 0.307292 0.023958 0.033333
0 0.405208 0.331771 0.037500 0.032292
0 0.571354 0.330729 0.026042 0.017708
0 0.577604 0.416667 0.040625 0.039583
0 0.639583 0.556250 0.039583 0.031250
0 0.617708 0.589583 0.027083 0.027083
0 0.601562 0.622396 0.028125 0.034375
0 0.688542 0.692708 0.027083 0.039583
0 0.586979 0.685937 0.021875 0.023958
0 0.473438 0.615104 0.057292 0.030208
0 0.425521 0.671354 0.013542 0.030208
0 0.369792 0.505729 0.027083 0.026042
0 0.439062 0.519792 0.019792 0.020833
0 0.567708 0.557292 0.029167 0.045833
0 0.531250 0.598958 0.022917 0.025000
0 0.522917 0.635417 0.027083 0.039583
0 0.453125 0.493229 0.031250 0.021875
0 0.444792 0.463542 0.043750 0.022917
0 0.514062 0.468229 0.032292 0.044792
0 0.481250 0.461979 0.033333 0.032292
0 0.510417 0.526042 0.027083 0.025000
0 0.544271 0.578125 0.023958 0.022917
