0 0.583333 0.698438 0.020833 0.013542
0 0.710938 0.716667 0.019792 0.014583
0 0.496354 0.572396 0.021875 0.015625
0 0.471875 0.529687 0.022917 0.015625
0 0.483854 0.557813 0.023958 0.011458
0 0.523438 0.558333 0.026042 0.016667
0 0.486458 0.542708 0.022917 0.016667
0 0.500000 0.494271 0.025000 0.013542
0 0.502083 0.517188 0.022917 0.015625
0 0.520312 0.524479 0.017708 0.013542
0 0.504687 0.531771 0.019792 0.013542
0 0.528125 0.539062 0.031250 0.013542
0 0.483854 0.347396 0.028125 0.017708
0 0.470312 0.401562 0.019792 0.015625
0 0.420833 0.414062 0.010417 0.011458
0 0.440104 0.418229 0.019792 0.013542
0 0.392188 0.335417 0.015625 0.012500
0 0.397396 0.346354 0.017708 0.009375
0 0.402083 0.355208 0.012500 0.008333
0 0.495312 0.171875 0.030208 0.020833
0 0.341146 0.208854 0.015625 0.013542
0 0.354167 0.194271 0.016667 0.013542
0 0.376563 0.230729 0.019792 0.011458
0 0.367708 0.244271 0.020833 0.013542
0 0.391146 0.251563 0.030208 0.013542
0 0.245833 0.160938 0.016667 0.013542
0 0.326042 0.126042 0.027083 0.014583
0 0.334896 0.148958 0.026042 0.014583
0 0.323437 0.160938 0.011458 0.011458
0 0.230729 0.103646 0.021875 0.019792
0 0.299479 0.143750 0.021875 0.012500
0 0.210938 0.016667 0.021875 0.014583
0 0.210417 0.028125 0.022917 0.010417
0 0.226042 0.045312 0.025000 0.015625
0 0.273438 0.057812 0.019792 0.013542
0 0.294271 0.067708 0.013542 0.014583
0 0.336458 0.019792 0.016667 0.012500
