0 0.581771 0.698438 0.021875 0.015625
0 0.710938 0.716146 0.017708 0.011458
0 0.471354 0.530208 0.023958 0.014583
0 0.496354 0.573438 0.021875 0.013542
0 0.500000 0.494792 0.022917 0.012500
0 0.502083 0.516667 0.020833 0.018750
0 0.519792 0.524479 0.016667 0.015625
0 0.529167 0.540104 0.027083 0.015625
0 0.506250 0.531250 0.016667 0.010417
0 0.486458 0.543229 0.022917 0.015625
0 0.469792 0.401562 0.018750 0.015625
0 0.483333 0.346875 0.025000 0.018750
0 0.440104 0.420312 0.015625 0.015625
0 0.391667 0.336458 0.012500 0.010417
0 0.397396 0.345833 0.017708 0.010417
0 0.402083 0.355208 0.010417 0.008333
0 0.420833 0.415104 0.008333 0.011458
0 0.494792 0.170313 0.031250 0.019792
0 0.391667 0.251042 0.029167 0.012500
0 0.375521 0.230729 0.017708 0.013542
0 0.368750 0.244792 0.020833 0.012500
0 0.340625 0.209375 0.012500 0.012500
0 0.353646 0.194792 0.017708 0.014583
0 0.245312 0.160938 0.017708 0.013542
0 0.323437 0.160938 0.011458 0.011458
0 0.300000 0.143750 0.020833 0.012500
0 0.326562 0.125521 0.023958 0.013542
0 0.335417 0.148958 0.022917 0.014583
0 0.231250 0.103646 0.025000 0.019792
0 0.210417 0.015104 0.020833 0.015625
0 0.210417 0.028646 0.025000 0.011458
0 0.227604 0.046875 0.028125 0.016667
0 0.273958 0.057812 0.020833 0.015625
0 0.294271 0.067187 0.013542 0.013542
0 0.335417 0.020313 0.014583 0.013542
0 0.524479 0.559896 0.023958 0.015625
0 0.483333 0.556771 0.018750 0.011458
