0 0.706250 0.139063 0.075000 0.061458
0 0.776563 0.416667 0.098958 0.054167
0 0.771875 0.505729 0.075000 0.023958
0 0.743229 0.640625 0.111458 0.064583
0 0.557813 0.637500 0.119792 0.070833
0 0.633854 0.666146 0.105208 0.038542
0 0.627604 0.768750 0.094792 0.062500
0 0.712500 0.769271 0.075000 0.057292
0 0.609896 0.814583 0.086458 0.047917
0 0.706250 0.823958 0.131250 0.062500
0 0.466146 0.748437 0.082292 0.051042
0 0.447396 0.642708 0.059375 0.056250
0 0.382292 0.747396 0.062500 0.051042
0 0.276042 0.775521 0.077083 0.053125
