0 0.589063 0.514062 0.040625 0.023958
0 0.483854 0.646875 0.046875 0.022917
0 0.505729 0.634375 0.030208 0.025000
0 0.537500 0.637500 0.035417 0.027083
0 0.557292 0.626042 0.035417 0.022917
0 0.586458 0.627083 0.027083 0.025000
0 0.604688 0.622396 0.019792 0.021875
0 0.586979 0.652604 0.023958 0.019792
0 0.396875 0.515104 0.010417 0.015625
0 0.445833 0.498958 0.027083 0.014583
0 0.451562 0.466667 0.023958 0.014583
0 0.530729 0.462500 0.063542 0.020833
0 0.566146 0.475521 0.044792 0.015625
0 0.615104 0.475521 0.042708 0.017708
0 0.598437 0.466146 0.034375 0.021875
0 0.480208 0.520833 0.037500 0.022917
0 0.496875 0.551562 0.041667 0.023958
0 0.482292 0.588542 0.035417 0.020833
0 0.565625 0.576562 0.050000 0.021875
0 0.582812 0.554688 0.038542 0.021875
0 0.635417 0.530208 0.054167 0.035417
0 0.569271 0.531250 0.048958 0.025000
0 0.548958 0.517188 0.029167 0.021875
0 0.528125 0.495833 0.025000 0.016667
0 0.548958 0.501042 0.035417 0.014583
0 0.715104 0.499479 0.026042 0.013542
0 0.507292 0.530729 0.020833 0.017708
