0 0.319792 0.157812 0.020833 0.011458
0 0.332292 0.167187 0.025000 0.015625
0 0.339583 0.183854 0.014583 0.007292
0 0.343229 0.196354 0.019792 0.011458
0 0.429167 0.372396 0.020833 0.011458
0 0.428646 0.411458 0.021875 0.012500
0 0.511458 0.575000 0.022917 0.012500
0 0.511979 0.601042 0.017708 0.010417
0 0.511979 0.608333 0.011458 0.008333
0 0.564063 0.613021 0.013542 0.011458
0 0.600521 0.702604 0.015625 0.007292
0 0.608854 0.727083 0.017708 0.010417
0 0.677604 0.764583 0.011458 0.006250
0 0.716667 0.818229 0.010417 0.007292
0 0.568750 0.692708 0.016667 0.010417
0 0.521875 0.623437 0.014583 0.009375
