0 0.677604 0.468750 0.076042 0.043750
0 0.564583 0.475521 0.072917 0.030208
0 0.572396 0.506771 0.078125 0.036458
0 0.316667 0.579167 0.100000 0.045833
0 0.373437 0.501042 0.071875 0.045833
0 0.361979 0.539062 0.094792 0.040625
0 0.432812 0.519792 0.048958 0.072917
0 0.486458 0.527083 0.104167 0.064583
0 0.592187 0.559375 0.098958 0.060417
0 0.473438 0.567708 0.067708 0.058333
0 0.547396 0.580208 0.059375 0.039583
0 0.425000 0.597396 0.058333 0.053125
0 0.435937 0.651563 0.126042 0.038542
0 0.540625 0.646875 0.064583 0.045833
0 0.605729 0.633854 0.067708 0.048958
0 0.434896 0.686979 0.107292 0.042708
0 0.406771 0.732812 0.080208 0.044792
0 0.559896 0.768229 0.096875 0.034375
0 0.330729 0.847917 0.059375 0.039583
0 0.723437 0.855729 0.096875 0.023958
0 0.641146 0.797396 0.096875 0.023958
0 0.482812 0.612500 0.053125 0.033333
