0 0.678646 0.581771 0.069792 0.034375
0 0.601042 0.486979 0.066667 0.030208
0 0.535417 0.511458 0.047917 0.035417
0 0.461458 0.480208 0.045833 0.025000
0 0.445833 0.506250 0.060417 0.035417
0 0.501042 0.473958 0.041667 0.014583
0 0.603646 0.620833 0.042708 0.022917
0 0.475000 0.606771 0.029167 0.013542
0 0.508333 0.617188 0.045833 0.019792
0 0.569271 0.633854 0.078125 0.034375
0 0.625521 0.636979 0.042708 0.021875
0 0.326042 0.543229 0.062500 0.059375
0 0.356771 0.495312 0.084375 0.051042
0 0.375000 0.435937 0.041667 0.021875
