0 0.344792 0.279167 0.035417 0.012500
0 0.400521 0.299479 0.044792 0.013542
0 0.493750 0.268750 0.031250 0.018750
0 0.320312 0.321875 0.013542 0.012500
0 0.373437 0.356250 0.044792 0.012500
0 0.447396 0.333854 0.032292 0.011458
0 0.447917 0.356771 0.031250 0.011458
0 0.510417 0.358854 0.025000 0.009375
0 0.508854 0.367188 0.034375 0.009375
0 0.503125 0.384896 0.027083 0.009375
0 0.434375 0.371354 0.039583 0.011458
0 0.422917 0.380729 0.022917 0.009375
0 0.373958 0.401042 0.033333 0.012500
0 0.441667 0.400521 0.033333 0.009375
0 0.415625 0.417187 0.029167 0.011458
0 0.316667 0.371875 0.006250 0.010417
0 0.670312 0.377604 0.032292 0.011458
0 0.522396 0.387500 0.015625 0.012500
0 0.558854 0.410417 0.023958 0.008333
0 0.386979 0.428646 0.019792 0.013542
0 0.399479 0.438542 0.019792 0.006250
0 0.454167 0.458854 0.029167 0.011458
0 0.503646 0.446354 0.023958 0.009375
0 0.600521 0.452083 0.019792 0.012500
0 0.618750 0.482812 0.020833 0.011458
0 0.494792 0.500521 0.029167 0.009375
0 0.522917 0.498958 0.027083 0.010417
0 0.571875 0.506250 0.037500 0.010417
0 0.544271 0.516667 0.023958 0.008333
0 0.610938 0.516146 0.021875 0.009375
0 0.551562 0.525000 0.028125 0.010417
0 0.382812 0.579167 0.021875 0.012500
0 0.494271 0.560937 0.021875 0.011458
0 0.514062 0.570833 0.019792 0.012500
0 0.620313 0.544792 0.021875 0.012500
0 0.607812 0.640104 0.023958 0.011458
0 0.584375 0.670833 0.022917 0.008333
0 0.615104 0.695833 0.023958 0.008333
0 0.559375 0.744792 0.033333 0.012500
0 0.547396 0.758333 0.017708 0.008333
0 0.541667 0.717187 0.020833 0.011458
0 0.490104 0.689063 0.015625 0.015625
0 0.578125 0.684375 0.022917 0.010417
0 0.602083 0.685417 0.022917 0.008333
0 0.462500 0.447396 0.020833 0.009375
