0 0.367188 0.676042 0.019792 0.025000
0 0.554688 0.697917 0.044792 0.025000
0 0.614062 0.761458 0.021875 0.012500
0 0.405208 0.600521 0.022917 0.011458
0 0.429167 0.591667 0.035417 0.010417
0 0.462500 0.611458 0.027083 0.018750
0 0.466667 0.630729 0.033333 0.013542
0 0.516667 0.665625 0.029167 0.016667
0 0.606250 0.664583 0.016667 0.010417
0 0.470312 0.557292 0.038542 0.016667
0 0.439062 0.642188 0.032292 0.015625
0 0.466667 0.647917 0.018750 0.016667
0 0.491146 0.532813 0.030208 0.017708
0 0.554688 0.452083 0.028125 0.018750
0 0.486458 0.484896 0.016667 0.011458
0 0.502604 0.380208 0.013542 0.018750
0 0.470312 0.397917 0.013542 0.016667
0 0.516667 0.430208 0.025000 0.014583
0 0.653646 0.421354 0.013542 0.017708
0 0.567708 0.408333 0.020833 0.008333
0 0.522396 0.412500 0.023958 0.020833
0 0.480208 0.676042 0.025000 0.018750
