0 0.525521 0.188021 0.042708 0.013542
0 0.543750 0.217188 0.018750 0.005208
0 0.577604 0.215625 0.011458 0.006250
0 0.602083 0.213542 0.025000 0.010417
0 0.625000 0.240625 0.020833 0.014583
0 0.598437 0.253125 0.019792 0.014583
0 0.607812 0.277604 0.021875 0.007292
0 0.575000 0.318229 0.031250 0.009375
0 0.532292 0.378125 0.012500 0.008333
0 0.506771 0.659896 0.028125 0.015625
0 0.561458 0.630729 0.016667 0.013542
0 0.543750 0.664583 0.022917 0.012500
0 0.414583 0.741667 0.025000 0.014583
0 0.437500 0.755208 0.022917 0.008333
0 0.380208 0.761458 0.022917 0.010417
0 0.380208 0.827083 0.020833 0.014583
0 0.294792 0.783333 0.008333 0.010417
0 0.755729 0.177604 0.009375 0.009375
0 0.319271 0.787500 0.030208 0.014583
